107.117	107.117	100.000	117	0	0	1	117	1	117	7.34e-69	194
113.117	113.117	100.000	117	0	0	1	117	1	117	1.44e-63	181
188.117	188.117	100.000	117	0	0	1	117	1	117	8.98e-83	230
193.116	193.116	100.000	116	0	0	1	116	1	116	1.85e-84	234
193.116	429.115	33.333	117	71	4	2	116	3	114	2.89e-13	53.5
193.116	194.114	33.333	117	72	4	2	116	2	114	6.64e-10	45.1
395.115	395.115	100.000	115	0	0	1	115	1	115	1.27e-82	229
429.115	429.115	100.000	115	0	0	1	115	1	115	8.98e-71	199
429.115	194.114	38.182	110	65	2	2	109	1	109	6.61e-17	63.2
429.115	193.116	30.172	116	76	2	3	114	2	116	9.42e-12	49.7
60.114	60.114	100.000	114	0	0	1	114	1	114	4.36e-72	202
194.114	194.114	100.000	114	0	0	1	114	1	114	6.48e-81	225
194.114	429.115	38.182	110	65	2	1	109	2	109	1.23e-21	75.1
194.114	193.116	33.333	117	72	4	2	114	2	116	6.53e-10	45.1
584.114	584.114	100.000	114	0	0	1	114	1	114	7.44e-86	237
584.114	535.87	32.468	77	46	3	14	85	3	78	4.55e-10	44.7
6.113	6.113	100.000	113	0	0	1	113	1	113	1.29e-82	229
334.112	334.112	100.000	112	0	0	1	112	1	112	1.31e-69	196
249.110	249.110	100.000	110	0	0	1	110	1	110	3.61e-78	218
348.110	348.110	100.000	97	0	0	14	110	14	110	5.73e-69	194
348.110	133.99	25.581	86	62	2	21	105	12	96	1.90e-07	38.1
331.109	331.109	100.000	109	0	0	1	109	1	109	2.36e-79	220
331.109	404.90	35.593	59	36	1	24	80	23	81	6.42e-07	36.2
209.106	209.106	100.000	106	0	0	1	106	1	106	4.58e-80	222
209.106	132.101	31.250	96	63	2	1	94	1	95	8.08e-13	52.0
261.106	261.106	100.000	106	0	0	1	106	1	106	1.77e-53	155
333.106	333.106	100.000	106	0	0	1	106	1	106	5.03e-78	217
463.106	463.106	100.000	89	0	0	1	89	1	89	6.79e-56	161
502.106	502.106	100.000	106	0	0	1	106	1	106	1.88e-76	213
341.105	341.105	100.000	105	0	0	1	105	1	105	1.01e-73	206
380.104	380.104	100.000	104	0	0	1	104	1	104	7.15e-69	194
380.104	211.86	33.333	81	54	0	9	89	5	85	7.25e-08	38.5
435.104	435.104	100.000	104	0	0	1	104	1	104	1.25e-73	206
593.104	593.104	100.000	104	0	0	1	104	1	104	2.47e-76	213
108.103	108.103	100.000	103	0	0	1	103	1	103	1.21e-73	206
25.102	25.102	100.000	102	0	0	1	102	1	102	4.82e-75	209
132.101	132.101	100.000	101	0	0	1	101	1	101	7.33e-72	201
132.101	209.106	31.250	96	63	2	1	95	1	94	7.70e-13	52.0
137.101	137.101	100.000	101	0	0	1	101	1	101	4.82e-76	211
210.100	210.100	100.000	100	0	0	1	100	1	100	5.95e-73	204
324.100	324.100	100.000	100	0	0	1	100	1	100	1.98e-48	142
357.100	357.100	100.000	100	0	0	1	100	1	100	3.75e-70	196
133.99	133.99	100.000	99	0	0	1	99	1	99	2.94e-71	199
133.99	348.110	25.581	86	62	2	12	96	21	105	1.71e-07	38.1
336.99	336.99	100.000	99	0	0	1	99	1	99	1.91e-69	194
364.99	364.99	100.000	99	0	0	1	99	1	99	1.70e-74	207
364.99	365.81	27.632	76	49	2	5	79	3	73	4.70e-10	43.9
181.98	181.98	100.000	98	0	0	1	98	1	98	8.61e-73	203
13.97	13.97	100.000	86	0	0	1	86	1	86	1.26e-59	170
21.97	21.97	100.000	97	0	0	1	97	1	97	8.30e-72	200
304.97	304.97	100.000	97	0	0	1	97	1	97	9.15e-69	193
292.96	292.96	100.000	96	0	0	1	96	1	96	3.36e-71	199
12.95	12.95	100.000	95	0	0	1	95	1	95	7.13e-55	157
12.95	326.121	43.636	55	30	1	4	57	38	92	1.01e-07	38.5
12.95	399.81	38.889	54	32	1	4	56	1	54	1.06e-07	37.7
142.95	142.95	100.000	95	0	0	1	95	1	95	3.11e-69	194
142.95	37.88	26.374	91	62	2	1	89	1	88	1.54e-07	37.4
397.95	397.95	100.000	95	0	0	1	95	1	95	1.35e-68	192
38.94	38.94	100.000	94	0	0	1	94	1	94	6.91e-68	190
38.94	145.83	30.952	84	49	2	2	84	3	78	5.23e-12	48.9
38.94	39.75	31.250	64	38	1	6	69	4	61	2.13e-08	39.3
109.94	109.94	100.000	94	0	0	1	94	1	94	4.44e-69	193
172.94	172.94	100.000	94	0	0	1	94	1	94	4.23e-63	178
257.94	257.94	100.000	94	0	0	1	94	1	94	3.96e-67	188
500.94	500.94	100.000	94	0	0	1	94	1	94	3.04e-70	196
500.94	120.84	28.205	78	56	0	5	82	7	84	1.09e-12	50.8
500.94	175.80	27.027	74	54	0	5	78	7	80	4.46e-10	43.9
500.94	52.87	26.230	61	45	0	5	65	8	68	3.72e-08	38.9
408.92	408.92	100.000	92	0	0	1	92	1	92	3.32e-69	193
342.91	342.91	100.000	91	0	0	1	91	1	91	2.07e-47	138
342.91	406.83	40.000	55	33	0	6	60	1	55	1.29e-12	50.4
404.90	404.90	100.000	73	0	0	1	73	1	73	1.20e-50	146
4.89	4.89	100.000	89	0	0	1	89	1	89	2.34e-63	178
