128.250	128.250	100.000	250	0	0	1	250	1	250	0.0	529
426.250	426.250	100.000	250	0	0	1	250	1	250	0.0	502
262.249	262.249	100.000	249	0	0	1	249	1	249	0.0	513
498.248	498.248	100.000	248	0	0	1	248	1	248	0.0	498
498.248	215.243	33.906	233	142	5	9	236	8	233	2.33e-37	125
498.248	455.274	23.108	251	147	7	10	226	28	266	9.04e-16	68.2
493.247	493.247	100.000	247	0	0	1	247	1	247	9.72e-152	416
514.246	514.246	100.000	246	0	0	1	246	1	246	4.57e-157	429
474.245	474.245	100.000	245	0	0	1	245	1	245	3.87e-163	445
64.244	64.244	100.000	244	0	0	1	244	1	244	0.0	502
64.244	65.250	39.918	243	136	5	6	242	8	246	4.72e-55	171
64.244	63.225	31.760	233	123	8	16	242	20	222	2.01e-24	90.9
215.243	215.243	100.000	243	0	0	1	243	1	243	0.0	493
215.243	498.248	33.906	233	142	5	8	233	9	236	2.28e-37	125
467.243	467.243	100.000	243	0	0	1	243	1	243	0.0	490
56.242	56.242	100.000	242	0	0	1	242	1	242	0.0	499
195.240	195.240	100.000	240	0	0	1	240	1	240	3.49e-178	483
280.240	280.240	100.000	223	0	0	1	223	1	223	1.50e-146	402
280.240	52.87	32.468	77	51	1	140	216	5	80	1.57e-09	47.0
280.240	500.94	25.714	70	52	0	141	210	3	72	2.41e-08	43.9
280.240	154.184	42.000	50	29	0	141	190	101	150	3.04e-08	45.4
280.240	175.80	24.286	70	53	0	143	212	7	76	6.84e-07	39.7
543.240	543.240	100.000	240	0	0	1	240	1	240	1.32e-163	446
207.239	207.239	100.000	239	0	0	1	239	1	239	8.28e-180	486
427.238	427.238	100.000	208	0	0	31	238	31	238	6.42e-121	337
161.237	161.237	100.000	237	0	0	1	237	1	237	1.83e-177	480
161.237	284.206	25.112	223	117	4	7	228	16	189	2.15e-12	57.8
61.236	61.236	100.000	236	0	0	1	236	1	236	0.0	489
61.236	472.251	26.141	241	154	8	4	235	17	242	1.68e-16	69.7
61.236	453.251	23.810	231	156	6	4	221	19	242	1.97e-14	63.9
448.236	448.236	100.000	236	0	0	1	236	1	236	4.29e-170	462
314.233	314.233	100.000	233	0	0	1	233	1	233	5.25e-166	451
314.233	153.123	44.643	56	31	0	109	164	32	87	1.15e-11	53.9
314.233	542.126	30.357	56	39	0	109	164	33	88	2.28e-07	42.0
138.231	138.231	100.000	231	0	0	1	231	1	231	9.71e-166	450
138.231	521.258	37.795	254	134	7	1	230	1	254	2.80e-52	163
205.229	205.229	100.000	229	0	0	1	229	1	229	4.37e-134	370
205.229	35.215	30.682	176	98	8	1	171	2	158	2.24e-11	54.7
277.229	277.229	100.000	229	0	0	1	229	1	229	1.12e-144	397
443.228	443.228	100.000	228	0	0	1	228	1	228	9.91e-174	470
289.226	289.226	100.000	226	0	0	1	226	1	226	1.12e-151	414
560.226	560.226	100.000	226	0	0	1	226	1	226	4.17e-165	448
63.225	63.225	100.000	225	0	0	1	225	1	225	5.65e-168	455
63.225	65.250	29.832	238	134	9	12	218	6	241	2.56e-25	93.2
63.225	64.244	31.760	233	123	8	20	222	16	242	1.85e-24	90.9
81.225	81.225	100.000	225	0	0	1	225	1	225	5.20e-171	463
96.225	96.225	100.000	225	0	0	1	225	1	225	8.04e-173	468
286.223	286.223	100.000	223	0	0	1	223	1	223	6.39e-166	450
286.223	376.207	29.167	168	111	4	22	187	41	202	3.24e-10	51.2
352.223	352.223	100.000	202	0	0	22	223	22	223	2.51e-151	413
487.222	487.222	100.000	222	0	0	1	222	1	222	1.02e-158	432
558.221	558.221	100.000	221	0	0	1	221	1	221	1.74e-161	439
558.221	497.76	36.667	60	36	2	156	214	13	71	2.03e-08	43.5
99.220	99.220	100.000	220	0	0	1	220	1	220	2.03e-162	441
234.219	234.219	100.000	219	0	0	1	219	1	219	9.30e-157	427
285.217	285.217	100.000	217	0	0	1	217	1	217	1.37e-151	413
285.217	208.155	31.034	145	91	3	43	187	2	137	3.06e-12	55.8
384.217	384.217	100.000	217	0	0	1	217	1	217	1.78e-162	441
127.216	127.216	100.000	216	0	0	1	216	1	216	1.72e-162	441
343.216	343.216	100.000	216	0	0	1	216	1	216	2.26e-163	443
488.216	488.216	100.000	216	0	0	1	216	1	216	5.55e-164	444
35.215	35.215	100.000	215	0	0	1	215	1	215	6.31e-152	414
35.215	205.229	32.203	177	94	10	2	158	1	171	6.35e-15	64.7
35.215	489.208	29.474	95	65	1	114	208	110	202	1.32e-08	46.6
53.215	53.215	100.000	215	0	0	1	215	1	215	2.36e-149	407
482.215	482.215	100.000	215	0	0	1	215	1	215	5.34e-124	343
482.215	235.159	28.037	214	95	7	5	215	1	158	9.83e-12	54.7
353.213	353.213	100.000	213	0	0	1	213	1	213	6.68e-150	409
353.213	390.165	34.932	146	91	2	3	147	2	144	2.81e-19	75.1
577.213	577.213	100.000	213	0	0	1	213	1	213	1.99e-155	422
577.213	277.229	28.856	201	115	9	26	211	38	225	1.75e-10	52.0
2.212	2.212	100.000	212	0	0	1	212	1	212	4.48e-145	396
533.212	533.212	100.000	212	0	0	1	212	1	212	3.62e-156	424
533.212	534.121	27.869	122	84	2	91	211	1	119	2.68e-12	55.1
103.209	103.209	100.000	209	0	0	1	209	1	209	1.22e-153	418
545.209	545.209	100.000	209	0	0	1	209	1	209	1.69e-158	430
16.208	16.208	100.000	208	0	0	1	208	1	208	1.99e-153	417
16.208	291.185	44.000	50	28	0	95	144	103	152	6.79e-07	41.2
