160.208	160.208	100.000	208	0	0	1	208	1	208	4.26e-145	395
160.208	104.201	37.356	174	104	2	27	198	22	192	3.65e-24	87.8
458.208	458.208	100.000	208	0	0	1	208	1	208	1.57e-147	402
489.208	489.208	100.000	208	0	0	1	208	1	208	3.86e-159	431
489.208	35.215	29.474	95	65	1	110	202	114	208	6.86e-13	57.8
489.208	35.215	31.132	106	67	4	1	104	113	214	6.81e-11	52.4
376.207	376.207	100.000	207	0	0	1	207	1	207	4.85e-135	370
284.206	284.206	100.000	206	0	0	1	206	1	206	1.95e-155	421
288.206	288.206	100.000	206	0	0	1	206	1	206	2.99e-140	383
288.206	17.155	35.246	122	74	2	85	206	32	148	1.11e-11	53.5
389.206	389.206	100.000	206	0	0	1	206	1	206	3.41e-148	403
389.206	358.143	28.333	120	81	2	7	122	2	120	1.00e-11	53.5
20.203	20.203	100.000	203	0	0	1	203	1	203	1.86e-130	358
20.203	250.175	39.103	156	93	2	24	177	19	174	8.94e-35	114
26.203	26.203	100.000	203	0	0	1	203	1	203	2.52e-138	378
26.203	500.94	35.714	70	45	0	123	192	5	74	1.09e-12	54.7
26.203	362.169	30.864	81	56	0	123	203	5	85	5.74e-10	48.9
26.203	362.169	23.464	179	100	6	14	185	5	153	1.45e-09	47.8
26.203	154.184	19.540	174	114	4	10	179	8	159	1.16e-09	48.1
26.203	52.87	32.099	81	54	1	122	202	7	86	2.67e-09	45.4
26.203	175.80	31.429	70	48	0	123	192	7	76	5.51e-09	44.3
26.203	462.175	22.396	192	108	7	14	196	4	163	6.93e-09	45.8
26.203	372.176	22.905	179	114	5	11	186	4	161	1.00e-07	42.7
317.203	317.203	100.000	203	0	0	1	203	1	203	3.58e-137	375
317.203	393.195	42.197	173	98	1	2	174	4	174	1.87e-34	114
104.201	104.201	100.000	201	0	0	1	201	1	201	3.96e-150	407
104.201	160.208	37.356	174	104	2	22	192	27	198	4.72e-29	100
496.200	496.200	100.000	200	0	0	1	200	1	200	1.24e-151	411
428.198	428.198	100.000	198	0	0	1	198	1	198	6.24e-82	235
318.197	318.197	100.000	197	0	0	1	197	1	197	1.17e-144	394
318.197	391.144	34.286	140	83	3	5	144	9	139	5.18e-21	77.8
318.197	106.142	27.679	112	68	2	6	105	17	127	3.76e-07	40.4
72.195	72.195	100.000	195	0	0	1	195	1	195	2.15e-137	375
393.195	393.195	100.000	195	0	0	1	195	1	195	1.91e-143	390
393.195	317.203	42.197	173	98	1	4	174	2	174	3.08e-39	126
31.194	31.194	100.000	194	0	0	1	194	1	194	1.66e-133	365
354.194	354.194	100.000	181	0	0	1	181	1	181	3.20e-133	364
459.193	459.193	100.000	193	0	0	1	193	1	193	6.32e-124	341
315.191	315.191	100.000	191	0	0	1	191	1	191	1.64e-141	385
315.191	388.174	31.250	176	113	4	9	184	4	171	6.52e-32	106
315.191	105.176	27.950	161	92	5	12	166	10	152	1.08e-08	45.1
440.191	440.191	100.000	191	0	0	1	191	1	191	4.66e-146	396
440.191	236.152	37.736	159	84	6	7	162	6	152	2.28e-28	97.1
451.191	451.191	100.000	165	0	0	27	191	27	191	4.05e-120	331
464.189	464.189	100.000	189	0	0	1	189	1	189	2.70e-124	341
554.189	554.189	100.000	189	0	0	1	189	1	189	1.54e-126	347
51.188	51.188	100.000	188	0	0	1	188	1	188	1.90e-140	382
124.188	124.188	100.000	188	0	0	1	188	1	188	6.42e-133	363
283.188	283.188	100.000	175	0	0	1	175	1	175	7.89e-135	368
283.188	57.164	31.034	145	91	2	17	155	4	145	4.57e-18	70.5
283.188	78.174	27.536	138	93	2	26	159	18	152	3.66e-17	68.2
290.188	290.188	100.000	188	0	0	1	188	1	188	1.75e-116	322
321.188	321.188	100.000	188	0	0	1	188	1	188	2.93e-111	308
321.188	396.144	36.429	140	89	0	2	141	2	141	4.18e-20	75.1
525.188	525.188	100.000	188	0	0	1	188	1	188	6.27e-141	383
168.186	168.186	100.000	186	0	0	1	186	1	186	2.32e-144	392
204.186	204.186	100.000	186	0	0	1	186	1	186	9.17e-121	332
344.186	344.186	100.000	186	0	0	1	186	1	186	1.10e-135	370
291.185	291.185	100.000	185	0	0	1	185	1	185	3.39e-136	371
291.185	16.208	44.000	50	28	0	103	152	95	144	3.24e-07	41.2
320.185	320.185	100.000	167	0	0	1	167	1	167	1.60e-114	316
154.184	154.184	100.000	184	0	0	1	184	1	184	1.69e-139	379
154.184	52.87	41.772	79	46	0	98	176	3	81	5.81e-17	65.5
154.184	52.87	42.857	70	40	0	9	78	5	74	5.22e-16	62.8
154.184	362.169	26.950	141	96	4	11	150	4	138	3.38e-12	54.7
154.184	462.175	23.026	152	104	3	12	159	4	146	7.00e-12	53.9
154.184	26.203	22.599	177	105	6	8	159	10	179	1.16e-11	53.9
154.184	473.88	35.802	81	48	2	94	174	2	78	1.91e-11	50.8
154.184	372.176	26.000	150	89	5	11	149	6	144	2.66e-11	52.4
154.184	372.176	39.344	61	36	1	10	70	97	156	2.90e-09	46.6
154.184	175.80	33.333	57	38	0	12	68	7	63	4.88e-09	44.3
154.184	120.84	29.412	51	36	0	103	153	7	57	2.89e-07	39.3
154.184	500.94	25.424	59	44	0	10	68	3	61	8.19e-07	38.5
319.183	319.183	100.000	183	0	0	1	183	1	183	1.59e-120	331
319.183	398.150	30.070	143	98	1	5	147	5	145	2.39e-20	75.9
47.182	47.182	100.000	182	0	0	1	182	1	182	9.91e-125	342
10.181	10.181	100.000	181	0	0	1	181	1	181	1.14e-132	362
10.181	387.166	39.844	128	66	4	31	158	8	124	2.36e-24	86.7
10.181	316.169	29.630	135	85	3	25	159	1	125	3.55e-13	57.4
130.180	130.180	100.000	180	0	0	1	180	1	180	4.22e-137	373
180.178	180.178	100.000	178	0	0	1	178	1	178	1.32e-132	361
146.177	146.177	100.000	177	0	0	1	177	1	177	1.06e-136	372
146.177	57.164	25.362	138	92	4	39	165	12	149	3.17e-08	43.5
164.177	164.177	100.000	177	0	0	1	177	1	177	2.25e-110	305
499.177	499.177	100.000	177	0	0	1	177	1	177	1.93e-100	280
105.176	105.176	100.000	159	0	0	18	176	18	176	2.44e-118	325
105.176	383.176	48.182	110	57	0	65	174	66	175	6.47e-32	106
105.176	388.174	26.667	135	93	4	23	152	20	153	3.37e-07	40.8
139.176	139.176	100.000	176	0	0	1	176	1	176	8.69e-110	303
372.176	372.176	100.000	176	0	0	1	176	1	176	1.53e-136	371
372.176	362.169	25.146	171	120	5	7	176	5	168	4.89e-15	62.0
372.176	154.184	26.000	150	89	5	6	144	11	149	2.55e-11	52.4
372.176	154.184	39.344	61	36	1	97	156	10	70	2.77e-09	46.6
372.176	462.175	28.758	153	102	5	7	158	4	150	1.03e-10	50.4
372.176	175.80	36.667	60	37	1	99	157	7	66	1.58e-10	48.1
372.176	26.203	22.905	179	114	5	4	161	11	186	6.64e-09	45.8
372.176	473.88	27.586	58	42	0	99	156	11	68	1.99e-08	42.7
372.176	473.88	32.877	73	43	2	7	76	11	80	9.97e-08	40.8
372.176	52.87	37.288	59	36	1	98	155	7	65	1.61e-07	40.0
372.176	52.87	34.375	64	40	1	1	64	2	63	1.85e-07	40.0
383.176	383.176	100.000	176	0	0	1	176	1	176	3.20e-112	310
383.176	105.176	38.506	174	107	0	2	175	1	174	3.72e-37	119
250.175	250.175	100.000	175	0	0	1	175	1	175	2.79e-131	358
250.175	20.203	39.103	156	93	2	19	174	24	177	9.25e-35	114
462.175	462.175	100.000	175	0	0	1	175	1	175	3.85e-134	365
462.175	362.169	28.571	154	106	2	2	153	3	154	3.92e-21	78.2
462.175	362.169	30.137	73	49	1	91	161	4	76	8.53e-09	45.1
462.175	175.80	37.838	74	46	0	4	77	7	80	1.30e-15	61.2
462.175	175.80	36.620	71	43	1	91	159	6	76	8.35e-11	48.9
462.175	154.184	23.026	152	104	3	4	146	12	159	6.66e-12	53.9
462.175	26.203	23.438	192	106	7	4	163	14	196	3.63e-11	52.0
462.175	120.84	39.241	79	45	2	92	168	7	84	9.64e-11	48.5
462.175	120.84	26.230	61	45	0	4	64	7	67	1.29e-08	43.1
462.175	372.176	28.758	153	102	5	4	150	7	158	1.02e-10	50.4
462.175	473.88	29.310	58	40	1	91	147	10	67	4.16e-07	38.9
