185.749	185.749	100.000	749	0	0	1	749	1	749	0.0	1427
185.749	58.1069	30.556	504	287	17	4	462	5	490	1.93e-44	166
185.749	58.1069	29.534	193	108	8	564	748	896	1068	1.03e-15	75.5
185.749	258.1043	26.931	505	294	22	4	464	4	477	6.29e-15	73.2
185.749	28.1032	23.614	415	243	14	93	464	87	470	9.38e-08	49.7
30.739	30.739	100.000	739	0	0	1	739	1	739	0.0	1469
30.739	281.865	28.908	595	360	21	174	727	272	844	3.67e-49	180
30.739	430.902	22.601	323	189	14	179	463	193	492	2.38e-07	48.1
282.734	282.734	100.000	734	0	0	1	734	1	734	0.0	1501
282.734	75.733	38.399	737	440	9	1	729	3	733	3.70e-163	483
75.733	75.733	100.000	733	0	0	1	733	1	733	0.0	1459
75.733	282.734	38.399	737	440	9	3	733	1	729	4.20e-157	468
98.733	98.733	100.000	718	0	0	1	718	1	718	0.0	1483
98.733	68.710	25.678	701	394	22	11	664	10	630	3.52e-50	181
279.730	279.730	100.000	730	0	0	1	730	1	730	0.0	1418
279.730	220.671	53.744	227	76	3	1	199	1	226	9.00e-48	174
279.730	220.671	24.675	308	189	9	301	588	234	518	2.96e-14	70.5
279.730	213.149	56.000	50	22	0	1	50	1	50	1.38e-12	60.5
279.730	461.1203	30.476	105	69	2	81	181	294	398	4.04e-07	47.8
74.717	74.717	100.000	717	0	0	1	717	1	717	0.0	1454
74.717	90.709	38.141	721	395	15	2	701	1	691	2.50e-153	457
49.713	49.713	100.000	713	0	0	1	713	1	713	0.0	1485
49.713	202.759	40.508	748	402	13	2	713	19	759	0.0	600
49.713	438.817	22.961	797	478	30	2	691	17	784	1.82e-39	150
49.713	151.514	25.424	236	146	8	486	692	241	475	6.25e-15	72.0
68.710	68.710	100.000	710	0	0	1	710	1	710	0.0	1398
68.710	98.733	25.678	701	394	22	10	630	11	664	2.69e-50	182
90.709	90.709	100.000	709	0	0	1	709	1	709	0.0	1477
90.709	74.717	38.141	721	395	15	1	691	2	701	1.17e-163	483
254.709	254.709	100.000	709	0	0	1	709	1	709	0.0	1343
254.709	89.777	25.740	777	427	26	26	697	30	761	2.38e-17	80.5
254.709	89.777	26.871	521	306	17	22	514	186	659	2.48e-14	70.9
190.698	190.698	100.000	698	0	0	1	698	1	698	0.0	1402
190.698	80.798	34.230	669	380	15	33	671	15	653	5.00e-98	314
190.698	150.849	32.738	672	382	17	19	632	74	733	2.73e-89	292
190.698	242.1009	28.629	744	441	21	20	687	219	948	1.06e-68	238
43.693	43.693	100.000	693	0	0	1	693	1	693	0.0	1434
418.692	418.692	100.000	692	0	0	1	692	1	692	0.0	1394
367.691	367.691	100.000	691	0	0	1	691	1	691	0.0	1390
367.691	450.948	33.672	689	369	16	2	634	236	892	2.47e-100	323
367.691	1.646	25.744	571	379	16	21	577	3	542	6.76e-38	144
367.691	548.643	27.595	395	260	6	199	591	184	554	7.49e-23	97.8
199.690	199.690	100.000	690	0	0	1	690	1	690	0.0	1428
360.687	360.687	100.000	687	0	0	1	687	1	687	0.0	1422
360.687	224.388	35.181	415	230	3	262	674	11	388	2.94e-85	268
360.687	224.388	35.427	398	235	7	122	508	1	387	2.69e-73	237
360.687	224.388	35.165	364	224	4	101	453	15	377	2.77e-73	237
360.687	224.388	31.373	408	255	2	159	566	2	384	1.37e-66	219
360.687	224.388	33.514	370	233	5	71	429	21	388	3.32e-65	215
360.687	225.368	35.657	373	232	6	296	668	4	368	1.19e-72	234
360.687	225.368	34.341	364	221	8	101	453	9	365	7.87e-63	208
360.687	225.368	35.241	332	200	6	129	449	2	329	2.05e-59	199
360.687	225.368	30.123	405	234	6	167	562	4	368	1.60e-57	194
360.687	225.368	32.591	359	224	9	36	383	14	365	3.53e-53	182
149.684	149.684	100.000	684	0	0	1	684	1	684	0.0	1200
237.674	237.674	100.000	674	0	0	1	674	1	674	0.0	1371
237.674	217.670	32.111	682	407	18	6	665	5	652	5.36e-109	339
237.674	515.142	29.126	103	67	4	571	671	22	120	4.51e-07	44.3
220.671	220.671	100.000	671	0	0	1	671	1	671	0.0	1170
220.671	279.730	55.399	213	66	3	1	212	1	185	2.30e-42	158
220.671	279.730	24.183	306	193	8	234	518	301	588	3.46e-12	63.5
220.671	213.149	56.000	50	22	0	1	50	1	50	9.97e-13	60.8
217.670	217.670	100.000	670	0	0	1	670	1	670	0.0	1403
217.670	237.674	32.111	682	407	18	5	652	6	665	1.37e-113	351
217.670	515.142	43.651	126	71	0	539	664	1	126	4.22e-38	132
264.670	264.670	100.000	670	0	0	1	670	1	670	0.0	1365
222.666	222.666	100.000	666	0	0	1	666	1	666	0.0	1285
568.664	568.664	100.000	664	0	0	1	664	1	664	0.0	1385
1.646	1.646	100.000	646	0	0	1	646	1	646	0.0	1328
1.646	367.691	25.744	571	379	16	3	542	21	577	6.80e-40	150
1.646	548.643	26.789	489	292	18	185	644	189	640	3.29e-36	138
1.646	450.948	25.175	429	297	12	185	601	478	894	4.49e-32	127
486.645	486.645	100.000	645	0	0	1	645	1	645	0.0	1230
548.643	548.643	100.000	643	0	0	1	643	1	643	0.0	1274
548.643	1.646	26.789	489	292	18	189	640	185	644	3.10e-36	139
548.643	367.691	27.595	395	260	6	184	554	199	591	1.02e-24	103
548.643	450.948	22.633	433	272	10	189	590	478	878	5.05e-21	92.0
592.641	592.641	100.000	641	0	0	1	641	1	641	0.0	1343
592.641	238.418	37.871	404	229	5	246	627	7	410	2.07e-96	297
592.641	587.473	31.429	175	86	8	458	612	203	363	9.45e-10	55.5
228.635	228.635	100.000	635	0	0	1	635	1	635	0.0	1222
510.628	510.628	100.000	609	0	0	20	628	20	628	0.0	1236
510.628	586.607	29.010	586	342	20	56	628	82	606	1.24e-52	185
457.614	457.614	100.000	614	0	0	1	614	1	614	0.0	1123
457.614	484.756	32.653	441	264	15	176	600	315	738	4.61e-37	141
483.610	483.610	100.000	610	0	0	1	610	1	610	0.0	1267
50.607	50.607	100.000	607	0	0	1	607	1	607	0.0	1045
77.607	77.607	100.000	607	0	0	1	607	1	607	0.0	1231
77.607	136.288	24.151	265	157	15	312	574	56	278	2.59e-07	47.0
586.607	586.607	100.000	607	0	0	1	607	1	607	0.0	1259
586.607	510.628	29.010	586	342	20	82	606	56	628	9.16e-53	186
41.596	41.596	100.000	596	0	0	1	596	1	596	0.0	1192
585.585	585.585	100.000	585	0	0	1	585	1	585	0.0	1205
585.585	596.490	27.935	247	153	8	25	251	50	291	1.27e-16	77.0
585.585	596.490	34.884	86	54	1	471	556	400	483	4.15e-10	56.2
268.573	268.573	100.000	573	0	0	1	573	1	573	0.0	1122
465.573	465.573	100.000	573	0	0	1	573	1	573	0.0	1151
157.568	157.568	100.000	568	0	0	1	568	1	568	0.0	1129
575.566	575.566	100.000	566	0	0	1	566	1	566	0.0	1177
266.562	266.562	100.000	562	0	0	1	562	1	562	0.0	1139
413.555	413.555	100.000	555	0	0	1	555	1	555	0.0	1081
470.553	470.553	100.000	553	0	0	1	553	1	553	0.0	1082
470.553	54.463	30.248	443	263	12	11	421	21	449	2.12e-53	182
156.548	156.548	100.000	548	0	0	1	548	1	548	0.0	1118
192.547	192.547	100.000	547	0	0	1	547	1	547	0.0	1125
192.547	170.534	19.495	554	394	14	9	536	1	528	9.12e-11	58.5
439.542	439.542	100.000	542	0	0	1	542	1	542	0.0	1136
439.542	550.470	23.881	402	217	15	21	387	2	349	1.29e-08	51.2
170.534	170.534	100.000	534	0	0	1	534	1	534	0.0	1101
170.534	192.547	19.495	554	394	14	1	528	9	536	6.94e-08	49.3
544.534	544.534	100.000	534	0	0	1	534	1	534	0.0	1060
564.532	564.532	100.000	532	0	0	1	532	1	532	0.0	1108
