19.88	19.88	100.000	88	0	0	1	88	1	88	2.04e-53	152
37.88	37.88	100.000	88	0	0	1	88	1	88	1.61e-65	182
382.88	382.88	100.000	88	0	0	1	88	1	88	7.16e-65	181
299.87	299.87	100.000	87	0	0	1	87	1	87	3.24e-64	179
337.87	337.87	100.000	87	0	0	1	87	1	87	3.64e-62	174
535.87	535.87	100.000	87	0	0	1	87	1	87	4.35e-61	171
169.86	169.86	100.000	86	0	0	1	86	1	86	1.33e-63	177
245.86	245.86	100.000	86	0	0	1	86	1	86	8.55e-64	178
423.86	423.86	100.000	86	0	0	1	86	1	86	4.86e-59	166
445.86	445.86	100.000	86	0	0	1	86	1	86	1.35e-64	180
378.85	378.85	100.000	85	0	0	1	85	1	85	3.91e-60	169
120.84	120.84	100.000	84	0	0	1	84	1	84	1.87e-62	175
120.84	500.94	28.205	78	56	0	7	84	5	82	3.43e-13	50.8
120.84	175.80	30.000	80	56	0	1	80	1	80	1.52e-12	48.5
120.84	52.87	34.426	61	40	0	7	67	8	68	4.94e-08	37.4
134.84	134.84	100.000	84	0	0	1	84	1	84	1.51e-61	172
134.84	102.82	36.364	77	48	1	1	76	1	77	3.00e-19	65.9
556.84	556.84	100.000	84	0	0	1	84	1	84	1.27e-49	142
406.83	406.83	100.000	83	0	0	1	83	1	83	3.72e-61	171
406.83	342.91	39.744	78	47	0	1	78	6	83	1.74e-19	66.6
102.82	102.82	100.000	82	0	0	1	82	1	82	1.51e-59	167
102.82	134.84	36.364	77	48	1	1	77	1	76	2.92e-19	65.9
305.81	305.81	100.000	81	0	0	1	81	1	81	3.43e-59	166
365.81	365.81	100.000	81	0	0	1	81	1	81	2.27e-61	172
175.80	175.80	100.000	80	0	0	1	80	1	80	2.10e-59	167
175.80	120.84	30.000	80	56	0	1	80	1	80	1.45e-12	48.5
175.80	473.88	37.931	58	35	1	7	64	11	67	1.45e-12	48.9
175.80	52.87	36.486	74	46	1	7	80	8	80	3.23e-12	47.8
175.80	500.94	27.027	74	54	0	7	80	5	78	1.34e-10	43.9
490.80	490.80	100.000	80	0	0	1	80	1	80	5.24e-59	166
490.80	52.87	25.676	74	45	2	4	77	8	71	3.87e-07	34.7
143.79	143.79	100.000	79	0	0	1	79	1	79	2.25e-57	161
143.79	39.75	32.308	65	35	1	13	77	6	61	7.06e-09	38.9
143.79	40.75	34.884	43	28	0	4	46	3	45	1.46e-07	35.4
27.77	27.77	100.000	77	0	0	1	77	1	77	1.88e-56	159
110.77	110.77	100.000	77	0	0	1	77	1	77	1.43e-56	159
338.77	338.77	100.000	77	0	0	1	77	1	77	1.05e-53	152
117.76	117.76	100.000	76	0	0	1	76	1	76	1.54e-30	94.0
244.76	244.76	100.000	76	0	0	1	76	1	76	3.73e-56	158
350.76	350.76	100.000	53	0	0	24	76	24	76	9.63e-38	112
442.76	442.76	100.000	76	0	0	1	76	1	76	2.54e-50	143
497.76	497.76	100.000	76	0	0	1	76	1	76	1.22e-55	157
497.76	117.76	34.921	63	40	1	9	71	6	67	1.24e-10	43.5
497.76	118.65	46.809	47	21	1	25	71	17	59	1.49e-09	40.4
588.76	588.76	100.000	76	0	0	1	76	1	76	3.10e-53	150
39.75	39.75	100.000	75	0	0	1	75	1	75	5.73e-42	122
40.75	40.75	100.000	75	0	0	1	75	1	75	2.23e-54	154
40.75	143.79	34.884	43	28	0	3	45	4	46	1.39e-07	35.4
144.75	144.75	100.000	75	0	0	1	75	1	75	2.93e-42	123
197.75	197.75	100.000	75	0	0	1	75	1	75	1.76e-55	156
197.75	431.65	33.846	65	40	3	7	71	2	63	6.03e-07	33.5
491.75	491.75	100.000	75	0	0	1	75	1	75	3.42e-54	153
492.75	492.75	100.000	75	0	0	1	75	1	75	1.32e-51	147
229.73	229.73	100.000	73	0	0	1	73	1	73	2.29e-53	151
436.73	436.73	100.000	73	0	0	1	73	1	73	2.16e-49	141
363.72	363.72	100.000	72	0	0	1	72	1	72	6.45e-54	152
370.72	370.72	100.000	72	0	0	1	72	1	72	1.68e-53	151
375.72	375.72	100.000	72	0	0	1	72	1	72	1.22e-51	146
97.71	97.71	100.000	71	0	0	1	71	1	71	3.75e-51	145
366.71	366.71	100.000	71	0	0	1	71	1	71	3.86e-52	147
366.71	115.68	53.571	28	13	0	27	54	41	68	9.23e-08	35.8
381.71	381.71	100.000	71	0	0	1	71	1	71	3.36e-32	97.8
381.71	369.63	48.387	31	16	0	37	67	30	60	1.86e-07	34.7
561.71	561.71	100.000	71	0	0	1	71	1	71	1.78e-51	146
303.70	303.70	100.000	70	0	0	1	70	1	70	7.36e-49	139
540.69	540.69	100.000	69	0	0	1	69	1	69	1.87e-47	135
115.68	115.68	100.000	68	0	0	1	68	1	68	9.19e-49	139
115.68	366.71	53.571	28	13	0	41	68	27	54	8.84e-08	35.8
520.68	520.68	100.000	68	0	0	1	68	1	68	3.47e-51	145
118.65	118.65	100.000	65	0	0	1	65	1	65	1.03e-46	134
118.65	497.76	46.809	47	21	1	17	59	25	71	1.28e-09	40.4
118.65	117.76	46.154	39	21	0	24	62	32	70	2.12e-08	37.4
