252.65	252.65	100.000	65	0	0	1	65	1	65	1.18e-44	128
402.65	402.65	100.000	65	0	0	1	65	1	65	8.10e-45	129
431.65	431.65	100.000	65	0	0	1	65	1	65	2.86e-47	135
431.65	197.75	33.846	65	40	3	2	63	7	71	5.22e-07	33.5
112.64	112.64	100.000	64	0	0	1	64	1	64	8.43e-27	83.6
306.63	306.63	100.000	63	0	0	1	63	1	63	7.31e-42	121
369.63	369.63	100.000	63	0	0	1	63	1	63	1.04e-30	93.2
369.63	381.71	48.571	35	18	0	26	60	33	67	8.45e-09	38.1
541.63	541.63	100.000	63	0	0	1	63	1	63	6.56e-44	126
349.62	349.62	100.000	62	0	0	1	62	1	62	5.26e-30	91.7
519.62	519.62	100.000	62	0	0	1	62	1	62	1.20e-44	128
379.60	379.60	100.000	60	0	0	1	60	1	60	1.24e-27	85.5
14.59	14.59	100.000	59	0	0	1	59	1	59	8.75e-41	118
14.59	111.56	35.185	54	35	0	4	57	1	54	4.12e-08	35.8
524.59	524.59	100.000	59	0	0	1	59	1	59	7.96e-40	115
330.58	330.58	100.000	41	0	0	1	41	1	41	4.11e-27	84.0
111.56	111.56	100.000	56	0	0	1	56	1	56	2.20e-39	114
111.56	14.59	35.185	54	35	0	1	54	4	57	3.91e-08	35.8
212.56	212.56	100.000	56	0	0	1	56	1	56	1.68e-37	109
401.56	401.56	100.000	56	0	0	1	56	1	56	3.41e-41	119
409.55	409.55	100.000	55	0	0	1	55	1	55	2.34e-27	84.3
251.54	251.54	100.000	43	0	0	1	43	1	43	2.59e-29	89.0
251.54	15.53	47.222	36	19	0	8	43	5	40	1.17e-07	34.3
15.53	15.53	100.000	53	0	0	1	53	1	53	2.27e-36	106
15.53	251.54	47.222	36	19	0	5	40	8	43	1.15e-07	34.3
307.53	307.53	100.000	53	0	0	1	53	1	53	1.92e-38	112
494.53	494.53	100.000	53	0	0	1	53	1	53	3.35e-37	108
340.52	340.52	100.000	52	0	0	1	52	1	52	2.30e-35	104
339.50	339.50	100.000	50	0	0	1	50	1	50	8.21e-33	97.8
339.50	407.49	37.500	48	30	0	2	49	1	48	2.53e-09	38.5
527.50	527.50	100.000	50	0	0	1	50	1	50	1.33e-35	104
219.49	219.49	100.000	49	0	0	1	49	1	49	9.88e-31	92.4
407.49	407.49	100.000	35	0	0	15	49	15	49	1.38e-23	74.3
114.45	114.45	100.000	45	0	0	1	45	1	45	6.31e-31	92.4
516.29	516.29	100.000	29	0	0	1	29	1	29	2.74e-19	62.0
