265.1657	265.1657	100.000	1657	0	0	1	1657	1	1657	0.0	3324
70.1500	70.1500	100.000	1500	0	0	1	1500	1	1500	0.0	2685
70.1500	84.1260	49.492	1083	430	20	454	1497	254	1258	0.0	848
70.1500	84.1260	66.406	128	43	0	5	132	7	134	4.45e-54	202
70.1500	475.1405	31.629	313	194	4	499	791	203	515	1.73e-30	125
70.1500	475.1405	52.000	50	23	1	1216	1265	1041	1089	9.84e-10	57.4
70.1500	475.1405	24.444	180	100	5	957	1106	658	831	2.22e-08	53.1
230.1455	230.1455	100.000	1455	0	0	1	1455	1	1455	0.0	2958
475.1405	475.1405	100.000	1405	0	0	1	1405	1	1405	0.0	2892
475.1405	84.1260	26.063	729	441	21	203	909	299	951	1.26e-46	177
475.1405	70.1500	31.629	313	194	4	203	515	499	791	1.01e-33	135
475.1405	70.1500	52.000	50	23	1	1041	1089	1216	1265	8.62e-10	57.8
475.1405	70.1500	25.758	198	109	6	642	831	939	1106	1.34e-09	57.0
177.1362	177.1362	100.000	1362	0	0	1	1362	1	1362	0.0	2653
177.1362	258.1043	25.941	505	296	17	545	1023	277	729	2.15e-22	98.6
177.1362	58.1069	27.711	332	207	12	728	1046	460	771	3.34e-18	85.1
177.1362	28.1032	26.950	282	169	11	728	989	438	702	2.60e-14	72.0
171.1301	171.1301	100.000	1301	0	0	1	1301	1	1301	0.0	2584
182.1283	182.1283	100.000	1283	0	0	1	1283	1	1283	0.0	2633
182.1283	94.1282	33.841	1380	712	39	4	1283	4	1282	0.0	632
182.1283	173.1217	33.259	1338	710	42	1	1279	1	1214	0.0	573
94.1282	94.1282	100.000	1282	0	0	1	1282	1	1282	0.0	2587
94.1282	173.1217	39.711	1317	644	36	5	1278	5	1214	0.0	810
94.1282	182.1283	33.913	1380	711	39	4	1282	4	1283	0.0	643
578.1264	578.1264	100.000	1264	0	0	1	1264	1	1264	0.0	2632
84.1260	84.1260	100.000	1260	0	0	1	1260	1	1260	0.0	2503
84.1260	70.1500	48.959	1105	444	21	234	1258	433	1497	0.0	923
84.1260	70.1500	66.406	128	43	0	7	134	5	132	3.70e-54	202
84.1260	475.1405	26.099	728	440	21	300	951	204	909	1.06e-46	177
173.1217	173.1217	100.000	1217	0	0	1	1217	1	1217	0.0	2383
173.1217	94.1282	39.636	1317	645	36	5	1214	5	1278	0.0	773
173.1217	182.1283	33.208	1334	716	40	1	1214	1	1279	1.73e-172	540
189.1215	189.1215	100.000	1215	0	0	1	1215	1	1215	0.0	1941
461.1203	461.1203	100.000	1203	0	0	1	1203	1	1203	0.0	2298
85.1187	85.1187	100.000	1187	0	0	1	1187	1	1187	0.0	2186
85.1187	86.1053	28.889	180	86	6	241	415	189	331	1.40e-09	56.6
76.1138	76.1138	100.000	1138	0	0	1	1138	1	1138	0.0	2235
76.1138	476.1114	27.540	443	237	10	685	1104	719	1100	8.71e-37	144
76.1138	476.1114	21.505	465	263	19	53	480	65	464	6.21e-08	51.2
476.1114	476.1114	100.000	1114	0	0	1	1114	1	1114	0.0	2301
476.1114	76.1138	27.540	443	237	10	719	1100	685	1104	6.94e-37	145
476.1114	76.1138	21.233	438	254	16	84	464	77	480	3.78e-08	51.6
523.1073	523.1073	100.000	1073	0	0	1	1073	1	1073	0.0	2210
505.1072	505.1072	100.000	1072	0	0	1	1072	1	1072	0.0	2153
58.1069	58.1069	100.000	1069	0	0	1	1069	1	1069	0.0	2135
58.1069	258.1043	26.417	1147	654	45	3	1067	2	1040	6.55e-65	233
58.1069	28.1032	26.522	690	392	22	90	720	71	704	3.24e-50	187
58.1069	185.749	32.742	507	272	19	5	490	4	462	2.30e-47	176
58.1069	185.749	29.534	193	108	8	896	1068	564	748	1.17e-15	75.9
58.1069	177.1362	27.711	332	207	12	460	771	728	1046	2.71e-18	84.7
191.1064	191.1064	100.000	1064	0	0	1	1064	1	1064	0.0	1977
191.1064	166.982	30.149	942	545	31	2	904	2	869	1.82e-81	281
86.1053	86.1053	100.000	1053	0	0	1	1053	1	1053	0.0	2147
86.1053	85.1187	29.050	179	85	6	190	331	242	415	1.59e-09	56.2
258.1043	258.1043	100.000	1043	0	0	1	1043	1	1043	0.0	1962
258.1043	28.1032	35.064	1021	520	29	4	965	6	942	2.92e-142	447
258.1043	58.1069	26.155	1147	657	44	2	1040	3	1067	1.85e-56	207
258.1043	177.1362	26.139	505	295	17	277	729	545	1023	7.29e-27	112
258.1043	185.749	26.243	503	300	21	4	477	4	464	8.42e-12	63.2
24.1037	24.1037	100.000	1037	0	0	1	1037	1	1037	0.0	2097
28.1032	28.1032	100.000	1032	0	0	1	1032	1	1032	0.0	2056
28.1032	258.1043	35.260	1021	518	29	6	942	4	965	6.30e-156	484
28.1032	58.1069	26.160	776	436	25	6	704	5	720	5.40e-52	192
28.1032	177.1362	25.123	609	363	27	157	702	411	989	8.88e-18	83.2
28.1032	185.749	24.476	429	222	16	87	470	93	464	2.93e-12	64.7
242.1009	242.1009	100.000	1009	0	0	1	1009	1	1009	0.0	2004
242.1009	150.849	34.388	727	434	10	218	929	75	773	5.33e-118	377
242.1009	190.698	28.629	744	441	19	219	948	20	687	3.01e-68	237
242.1009	80.798	28.918	536	298	16	223	749	6	467	1.13e-49	183
433.989	433.989	100.000	989	0	0	1	989	1	989	0.0	1918
433.989	579.863	27.426	711	395	23	350	989	203	863	2.87e-63	225
166.982	166.982	100.000	982	0	0	1	982	1	982	0.0	1923
166.982	191.1064	30.566	1096	595	40	2	974	2	1054	3.51e-105	347
495.964	495.964	100.000	964	0	0	1	964	1	964	0.0	1929
450.948	450.948	100.000	948	0	0	1	948	1	948	0.0	1929
450.948	367.691	33.382	689	371	16	236	892	2	634	1.46e-96	314
450.948	1.646	24.762	420	292	12	487	894	194	601	8.55e-30	120
450.948	548.643	22.353	425	267	10	486	878	197	590	2.68e-20	90.5
23.942	23.942	100.000	942	0	0	1	942	1	942	0.0	1787
23.942	79.821	30.850	953	497	34	7	934	4	819	8.01e-86	288
589.917	589.917	100.000	917	0	0	1	917	1	917	0.0	1818
589.917	576.862	23.760	867	542	22	24	864	13	786	3.98e-53	194
589.917	563.877	35.659	129	71	1	57	185	42	158	3.49e-17	80.5
589.917	563.877	20.447	582	293	21	279	768	288	791	5.84e-11	60.5
589.917	231.789	24.359	390	235	14	451	807	387	749	4.50e-16	77.0
589.917	231.789	30.380	158	96	3	28	185	12	155	4.54e-16	77.0
589.917	562.465	26.172	256	150	11	527	766	197	429	1.42e-12	65.1
430.902	430.902	100.000	902	0	0	1	902	1	902	0.0	1840
430.902	281.865	23.864	264	119	8	368	630	450	632	9.87e-10	56.2
430.902	30.739	20.996	462	239	18	193	628	179	540	2.01e-07	48.9
563.877	563.877	100.000	877	0	0	1	877	1	877	0.0	1685
563.877	231.789	39.135	879	436	16	3	876	1	785	0.0	563
563.877	589.917	24.485	388	211	9	42	409	57	382	3.73e-22	96.7
563.877	576.862	31.183	186	106	4	4	171	7	188	2.91e-21	93.6
563.877	562.465	25.641	117	85	1	34	150	6	120	2.60e-08	51.2
71.874	71.874	100.000	874	0	0	1	874	1	874	0.0	1744
281.865	281.865	100.000	865	0	0	1	865	1	865	0.0	1719
281.865	30.739	28.765	591	358	21	276	844	178	727	2.14e-51	187
281.865	430.902	23.864	264	119	8	450	632	368	630	9.30e-10	56.6
579.863	579.863	100.000	863	0	0	1	863	1	863	0.0	1775
579.863	433.989	26.641	777	431	26	154	863	285	989	7.79e-66	232
576.862	576.862	100.000	862	0	0	1	862	1	862	0.0	1650
576.862	589.917	25.726	723	441	18	13	657	24	728	8.60e-61	217
576.862	563.877	24.877	816	365	26	7	641	4	752	3.94e-38	147
576.862	231.789	25.995	377	230	12	397	738	384	746	5.62e-19	86.3
576.862	231.789	26.230	183	118	3	7	188	2	168	6.64e-11	60.1
576.862	562.465	33.582	134	74	5	435	564	177	299	1.06e-09	55.8
241.852	241.852	100.000	852	0	0	1	852	1	852	0.0	1776
477.850	477.850	100.000	850	0	0	1	850	1	850	0.0	1662
150.849	150.849	100.000	849	0	0	1	849	1	849	0.0	1672
150.849	242.1009	34.492	719	428	10	83	773	226	929	2.38e-117	375
150.849	190.698	32.779	662	376	17	84	733	28	632	1.19e-88	290
150.849	80.798	30.484	702	379	21	87	758	13	635	4.35e-69	239
79.821	79.821	100.000	821	0	0	1	821	1	821	0.0	1606
79.821	23.942	30.535	953	500	32	4	819	7	934	2.82e-90	300
438.817	438.817	100.000	817	0	0	1	817	1	817	0.0	1703
438.817	151.514	30.330	455	261	16	385	787	27	477	8.05e-51	181
438.817	202.759	23.367	796	517	29	14	787	16	740	1.75e-46	172
438.817	49.713	22.961	797	478	30	17	784	2	691	2.09e-39	150
438.817	480.118	44.286	70	33	3	254	323	53	116	2.21e-10	53.5
80.798	80.798	100.000	798	0	0	1	798	1	798	0.0	1565
80.798	190.698	33.134	670	386	16	15	653	33	671	1.94e-95	307
80.798	150.849	29.326	682	366	19	13	613	87	733	4.61e-68	236
80.798	242.1009	27.374	537	305	16	6	467	223	749	1.05e-45	171
231.789	231.789	100.000	789	0	0	1	789	1	789	0.0	1579
231.789	563.877	39.818	879	430	16	1	785	3	876	0.0	589
231.789	589.917	23.975	634	369	23	12	571	28	622	4.89e-24	102
231.789	576.862	25.464	377	232	11	384	746	397	738	1.17e-16	78.6
231.789	576.862	26.776	183	117	3	2	168	7	188	4.47e-11	60.5
231.789	562.465	29.379	177	108	5	491	664	218	380	1.18e-11	61.6
231.789	562.465	30.508	118	80	1	30	147	5	120	1.89e-09	54.7
89.777	89.777	100.000	777	0	0	1	777	1	777	0.0	1417
89.777	254.709	26.371	474	260	17	293	761	308	697	1.56e-16	77.8
89.777	254.709	26.820	522	277	15	203	686	63	517	4.76e-11	60.5
155.777	155.777	100.000	777	0	0	1	777	1	777	0.0	1527
155.777	367.691	25.123	203	127	8	306	501	161	345	5.80e-07	47.0
202.759	202.759	100.000	759	0	0	1	759	1	759	0.0	1576
202.759	49.713	40.508	748	402	13	19	759	2	713	0.0	600
202.759	438.817	23.588	797	514	30	16	740	14	787	1.63e-46	172
202.759	151.514	24.776	335	210	12	440	737	145	474	6.31e-16	75.5
216.759	216.759	100.000	759	0	0	1	759	1	759	0.0	1560
216.759	565.416	20.805	447	282	20	326	759	29	416	9.92e-10	55.5
484.756	484.756	100.000	756	0	0	1	756	1	756	0.0	1494
484.756	457.614	32.809	445	258	17	315	738	176	600	1.45e-52	187
91.750	91.750	100.000	750	0	0	1	750	1	750	0.0	1572
