301.144	301.144	100.000	144	0	0	1	144	1	144	4.03e-104	286
301.144	158.125	35.238	105	53	6	36	140	22	111	2.03e-11	50.1
405.144	405.144	100.000	144	0	0	1	144	1	144	1.73e-93	259
405.144	332.127	33.645	107	69	1	33	137	15	121	2.59e-09	44.3
298.143	298.143	100.000	143	0	0	1	143	1	143	3.68e-106	291
358.143	358.143	100.000	143	0	0	1	143	1	143	3.38e-105	288
106.142	106.142	100.000	142	0	0	1	142	1	142	1.30e-106	292
106.142	391.144	26.190	126	73	4	17	141	10	116	7.46e-09	43.5
347.142	347.142	100.000	142	0	0	1	142	1	142	3.01e-104	286
347.142	18.127	32.090	134	77	4	10	142	7	127	3.79e-10	46.6
515.142	515.142	100.000	128	0	0	1	128	1	128	5.40e-97	268
11.141	11.141	100.000	141	0	0	1	141	1	141	4.68e-103	283
148.141	148.141	100.000	141	0	0	1	141	1	141	9.42e-109	297
135.140	135.140	100.000	124	0	0	1	124	1	124	1.51e-88	246
239.140	239.140	100.000	140	0	0	1	140	1	140	6.03e-99	272
186.139	186.139	100.000	139	0	0	1	139	1	139	6.15e-105	287
131.138	131.138	100.000	138	0	0	1	138	1	138	1.91e-99	273
131.138	300.129	23.810	147	81	5	3	138	3	129	4.71e-07	38.1
434.138	434.138	100.000	138	0	0	1	138	1	138	3.43e-102	280
478.138	478.138	100.000	138	0	0	1	138	1	138	1.20e-89	249
355.137	355.137	100.000	137	0	0	1	137	1	137	4.35e-80	224
126.136	126.136	100.000	136	0	0	1	136	1	136	2.02e-100	276
325.136	325.136	100.000	136	0	0	1	136	1	136	2.34e-99	273
325.136	247.134	37.168	113	60	2	22	123	8	120	3.63e-16	62.4
328.135	328.135	100.000	135	0	0	1	135	1	135	3.30e-87	242
346.135	346.135	100.000	135	0	0	1	135	1	135	1.96e-100	276
346.135	382.88	43.333	60	34	0	73	132	28	87	1.33e-12	52.0
356.135	356.135	100.000	135	0	0	1	135	1	135	1.32e-74	211
247.134	247.134	100.000	134	0	0	1	134	1	134	9.93e-73	206
247.134	325.136	33.628	113	64	2	8	120	22	123	1.55e-12	52.8
302.134	302.134	100.000	134	0	0	1	134	1	134	2.31e-85	238
300.129	300.129	100.000	129	0	0	1	129	1	129	5.85e-97	266
300.129	131.138	23.810	147	81	5	3	129	3	138	4.41e-07	38.1
421.129	421.129	100.000	129	0	0	1	129	1	129	3.95e-96	265
538.129	538.129	100.000	129	0	0	1	129	1	129	3.46e-96	265
345.128	345.128	100.000	117	0	0	1	117	1	117	1.47e-58	169
18.127	18.127	100.000	127	0	0	1	127	1	127	5.76e-92	254
18.127	347.142	32.090	134	77	4	7	127	10	142	3.39e-10	46.6
248.127	248.127	100.000	112	0	0	16	127	16	127	1.45e-80	225
332.127	332.127	100.000	127	0	0	1	127	1	127	2.00e-93	257
332.127	405.144	33.645	107	69	1	15	121	33	137	1.42e-12	52.8
327.126	327.126	100.000	126	0	0	1	126	1	126	1.59e-89	248
327.126	400.119	36.111	108	68	1	13	119	6	113	6.33e-16	60.8
542.126	542.126	100.000	126	0	0	1	126	1	126	3.58e-69	196
542.126	153.123	43.243	74	42	0	15	88	14	87	1.02e-13	55.5
158.125	158.125	100.000	125	0	0	1	125	1	125	4.69e-78	218
158.125	301.144	40.000	80	38	5	42	111	61	140	3.12e-10	46.6
214.125	214.125	100.000	125	0	0	1	125	1	125	1.91e-92	255
377.125	377.125	100.000	125	0	0	1	125	1	125	2.25e-88	244
574.125	574.125	100.000	125	0	0	1	125	1	125	8.69e-92	253
294.124	294.124	100.000	124	0	0	1	124	1	124	3.45e-80	224
294.124	153.123	34.483	58	36	1	22	79	32	87	9.39e-07	37.0
504.124	504.124	100.000	124	0	0	1	124	1	124	2.60e-92	254
5.123	5.123	100.000	123	0	0	1	123	1	123	1.91e-79	222
153.123	153.123	100.000	123	0	0	1	123	1	123	3.07e-71	201
153.123	542.126	42.466	73	42	0	14	86	15	87	2.91e-20	72.4
432.123	432.123	100.000	123	0	0	1	123	1	123	1.41e-89	247
531.123	531.123	100.000	123	0	0	1	123	1	123	5.19e-89	246
240.121	240.121	100.000	121	0	0	1	121	1	121	2.78e-91	251
326.121	326.121	100.000	121	0	0	1	121	1	121	1.22e-87	242
326.121	399.81	43.210	81	46	0	38	118	1	81	4.34e-17	62.8
326.121	12.95	43.636	55	30	1	38	92	4	57	9.27e-08	38.9
534.121	534.121	100.000	121	0	0	1	121	1	121	7.98e-90	248
296.120	296.120	100.000	120	0	0	1	120	1	120	3.17e-88	244
335.119	335.119	100.000	119	0	0	1	119	1	119	5.71e-70	197
400.119	400.119	100.000	119	0	0	1	119	1	119	1.42e-84	234
400.119	327.126	36.111	108	68	1	6	113	13	119	5.97e-16	60.8
480.118	480.118	100.000	118	0	0	1	118	1	118	6.94e-88	243
