416.388	416.388	100.000	388	0	0	1	388	1	388	0.0	781
311.386	311.386	100.000	386	0	0	1	386	1	386	0.0	731
311.386	385.337	32.507	363	209	7	8	365	6	337	2.52e-45	153
152.383	152.383	100.000	383	0	0	1	383	1	383	0.0	793
152.383	507.353	36.788	386	199	6	3	382	1	347	3.06e-80	244
152.383	507.353	25.301	166	117	1	218	383	28	186	4.72e-18	78.2
152.383	93.344	35.340	382	204	4	5	383	3	344	5.28e-79	241
152.383	528.328	27.717	368	216	7	19	380	2	325	4.44e-42	144
152.383	528.328	23.891	293	166	7	96	382	7	248	9.32e-20	83.2
152.383	528.328	24.359	234	133	5	4	233	96	289	1.36e-18	79.7
152.383	256.371	23.659	410	222	13	17	383	6	367	9.92e-26	100
152.383	92.402	26.247	381	194	17	17	354	17	353	4.49e-22	90.5
152.383	92.402	26.866	268	153	9	2	239	99	353	2.22e-16	73.6
196.383	196.383	100.000	383	0	0	1	383	1	383	0.0	787
196.383	518.392	36.559	372	228	6	3	373	19	383	2.03e-82	251
196.383	517.408	31.481	378	242	6	2	369	34	404	1.68e-59	192
196.383	412.430	30.914	372	237	6	16	372	62	428	1.34e-56	185
196.383	55.438	28.800	375	242	8	16	379	70	430	1.04e-50	170
196.383	36.373	26.823	384	247	11	3	368	2	369	3.87e-36	129
196.383	509.509	27.586	377	239	11	7	353	25	397	4.55e-29	112
203.379	203.379	100.000	379	0	0	1	379	1	379	0.0	731
552.379	552.379	100.000	379	0	0	1	379	1	379	0.0	782
163.376	163.376	100.000	376	0	0	1	376	1	376	0.0	767
571.376	571.376	100.000	376	0	0	1	376	1	376	0.0	756
8.373	8.373	100.000	373	0	0	1	373	1	373	0.0	761
8.373	3.352	25.664	339	204	16	7	339	13	309	1.79e-17	76.6
36.373	36.373	100.000	373	0	0	1	373	1	373	0.0	739
36.373	55.438	33.529	340	206	11	3	333	60	388	7.07e-54	178
36.373	518.392	31.806	371	231	9	1	364	18	373	9.79e-49	163
36.373	412.430	35.897	351	199	13	25	360	72	411	2.07e-47	160
36.373	509.509	31.429	350	185	14	23	333	42	375	1.39e-33	124
36.373	517.408	31.410	312	180	11	38	333	73	366	4.95e-29	110
36.373	196.383	26.823	384	247	11	2	369	3	368	8.07e-29	109
178.372	178.372	100.000	372	0	0	1	372	1	372	0.0	773
178.372	422.320	31.562	320	183	11	22	323	11	312	7.71e-42	143
178.372	33.344	31.847	314	184	15	21	326	40	331	4.46e-33	120
178.372	119.351	27.885	312	174	14	39	315	44	339	1.75e-19	82.4
178.372	201.325	25.850	294	177	10	52	317	38	318	9.94e-16	70.9
253.371	253.371	100.000	371	0	0	1	371	1	371	0.0	685
256.371	256.371	100.000	371	0	0	1	371	1	371	0.0	738
256.371	528.328	33.429	347	192	9	16	360	12	321	6.73e-57	183
256.371	507.353	30.887	327	188	9	4	317	12	313	1.13e-41	144
256.371	507.353	27.039	233	134	8	15	225	97	315	6.57e-14	65.9
256.371	507.353	22.989	261	146	9	67	315	3	220	2.31e-07	45.4
256.371	93.344	26.404	356	222	8	14	367	27	344	2.71e-38	134
256.371	152.383	23.821	403	230	11	6	367	17	383	2.49e-28	108
256.371	92.402	23.952	334	209	9	12	317	27	343	1.47e-17	77.0
569.370	569.370	100.000	370	0	0	1	370	1	370	0.0	755
141.369	141.369	100.000	369	0	0	1	369	1	369	0.0	760
526.369	526.369	100.000	369	0	0	1	369	1	369	0.0	775
526.369	566.418	32.787	183	102	7	191	367	249	416	8.43e-21	87.0
526.369	121.454	28.986	207	121	9	168	367	262	449	6.34e-18	78.6
260.368	260.368	100.000	368	0	0	1	368	1	368	0.0	735
260.368	263.391	38.786	379	197	14	18	367	18	390	7.46e-81	246
260.368	45.358	25.763	295	186	14	18	300	18	291	1.74e-16	73.6
275.367	275.367	100.000	314	0	0	1	314	1	314	0.0	628
275.367	223.425	39.773	264	148	2	1	253	25	288	3.59e-54	178
481.366	481.366	100.000	366	0	0	1	366	1	366	0.0	665
481.366	543.240	28.390	236	154	5	126	356	7	232	8.52e-17	72.8
233.361	233.361	100.000	361	0	0	1	361	1	361	0.0	712
312.361	312.361	100.000	361	0	0	1	361	1	361	0.0	637
312.361	386.246	33.858	254	156	5	4	257	2	243	1.64e-34	121
227.359	227.359	100.000	359	0	0	1	359	1	359	0.0	746
45.358	45.358	100.000	358	0	0	1	358	1	358	0.0	703
45.358	263.391	26.239	343	219	9	18	331	18	355	5.44e-26	101
45.358	260.368	30.769	143	87	5	160	291	159	300	1.10e-14	68.2
507.353	507.353	100.000	353	0	0	1	353	1	353	0.0	714
507.353	152.383	36.990	392	190	5	1	347	3	382	3.39e-82	249
507.353	152.383	25.301	166	117	1	28	186	218	383	4.35e-18	78.2
507.353	93.344	37.853	354	198	8	3	347	3	343	1.59e-77	236
507.353	93.344	26.036	169	118	1	25	186	176	344	9.78e-15	68.2
507.353	528.328	32.993	294	182	5	22	314	10	289	2.59e-51	167
507.353	528.328	24.561	228	150	4	87	312	1	208	1.11e-20	85.5
507.353	528.328	25.820	244	167	5	3	233	61	303	4.31e-14	65.9
507.353	256.371	30.887	327	188	9	12	313	4	317	1.08e-41	144
507.353	256.371	27.039	233	134	8	97	315	15	225	6.25e-14	65.9
507.353	256.371	22.989	261	146	9	3	220	67	315	2.20e-07	45.4
507.353	92.402	25.513	341	205	11	12	314	15	344	2.27e-30	113
3.352	3.352	100.000	352	0	0	1	352	1	352	0.0	732
3.352	8.373	25.664	339	204	16	13	309	7	339	1.69e-17	76.6
119.351	119.351	100.000	351	0	0	1	351	1	351	0.0	733
119.351	178.372	27.885	312	174	14	44	339	39	315	1.65e-19	82.4
119.351	422.320	24.286	280	161	11	66	334	51	290	5.46e-12	59.7
198.349	198.349	100.000	349	0	0	1	349	1	349	0.0	690
267.349	267.349	100.000	349	0	0	1	349	1	349	0.0	692
44.348	44.348	100.000	348	0	0	1	348	1	348	0.0	718
48.346	48.346	100.000	346	0	0	1	346	1	346	0.0	626
101.345	101.345	100.000	345	0	0	1	345	1	345	0.0	703
33.344	33.344	100.000	344	0	0	1	344	1	344	0.0	706
33.344	178.372	31.847	314	184	15	40	331	21	326	4.13e-33	120
33.344	422.320	30.147	272	151	13	74	325	45	297	9.90e-27	102
93.344	93.344	100.000	344	0	0	1	344	1	344	0.0	715
93.344	152.383	36.126	382	201	4	3	344	5	383	3.99e-79	241
93.344	507.353	37.853	354	198	8	3	343	3	347	1.55e-77	236
93.344	507.353	26.036	169	118	1	176	344	25	186	9.53e-15	68.2
93.344	528.328	31.003	329	206	10	24	341	7	325	4.50e-43	146
93.344	528.328	24.186	215	150	5	91	303	1	204	1.61e-17	75.9
93.344	256.371	26.404	356	222	8	27	344	14	367	2.52e-38	134
93.344	92.402	27.434	339	199	12	9	306	9	341	9.48e-33	120
361.341	361.341	100.000	341	0	0	1	341	1	341	0.0	649
539.339	539.339	100.000	339	0	0	1	339	1	339	0.0	693
539.339	573.300	33.746	323	187	7	4	324	2	299	8.16e-59	186
539.339	580.427	23.735	257	161	10	2	233	3	249	1.29e-08	49.3
447.338	447.338	100.000	338	0	0	1	338	1	338	0.0	644
385.337	385.337	100.000	337	0	0	1	337	1	337	0.0	680
385.337	311.386	32.507	363	209	7	6	337	8	365	4.90e-48	160
437.337	437.337	100.000	337	0	0	1	337	1	337	0.0	657
508.336	508.336	100.000	336	0	0	1	336	1	336	0.0	587
508.336	162.332	42.105	133	74	2	98	228	87	218	3.74e-24	95.1
529.334	529.334	100.000	334	0	0	1	334	1	334	0.0	671
529.334	570.305	31.447	318	171	5	40	323	1	305	8.30e-36	125
529.334	582.304	27.757	263	153	5	43	269	5	266	2.61e-23	92.0
162.332	162.332	100.000	332	0	0	1	332	1	332	0.0	657
162.332	508.336	31.073	354	193	15	4	331	5	333	1.58e-31	115
270.331	270.331	100.000	331	0	0	1	331	1	331	0.0	605
528.328	528.328	100.000	328	0	0	1	328	1	328	0.0	671
528.328	256.371	33.429	347	192	9	12	321	16	360	5.95e-57	183
528.328	507.353	32.993	294	182	5	10	289	22	314	2.41e-51	167
528.328	507.353	24.561	228	150	4	1	208	87	312	1.03e-20	85.5
528.328	507.353	25.820	244	167	5	61	303	3	233	4.00e-14	65.9
528.328	93.344	31.003	329	206	10	7	325	24	341	4.29e-43	146
528.328	93.344	24.186	215	150	5	1	204	91	303	1.54e-17	75.9
528.328	152.383	27.717	368	216	7	2	325	19	380	3.81e-42	144
528.328	152.383	23.891	293	166	7	7	248	96	382	7.98e-20	83.2
528.328	152.383	23.504	234	135	4	96	289	4	233	9.66e-20	82.8
528.328	92.402	25.076	327	201	12	1	288	22	343	9.74e-17	73.9
176.327	176.327	100.000	327	0	0	1	327	1	327	0.0	604
176.327	466.318	33.333	300	184	6	38	326	23	317	1.08e-46	154
201.325	201.325	100.000	325	0	0	1	325	1	325	0.0	577
201.325	422.320	26.207	290	155	11	32	303	38	286	2.17e-13	63.5
201.325	178.372	32.877	73	48	1	124	196	128	199	3.16e-08	48.1
221.325	221.325	100.000	303	0	0	23	325	23	325	0.0	556
221.325	167.323	34.266	286	178	6	24	306	22	300	1.98e-30	111
167.323	167.323	100.000	323	0	0	1	323	1	323	0.0	662
167.323	221.325	34.589	292	181	6	16	300	18	306	6.14e-41	139
597.321	597.321	100.000	321	0	0	1	321	1	321	0.0	652
422.320	422.320	100.000	320	0	0	1	320	1	320	0.0	658
422.320	178.372	31.562	320	183	11	11	312	22	323	6.63e-42	143
422.320	33.344	30.147	272	151	13	45	297	74	325	9.21e-27	102
422.320	201.325	26.389	288	157	11	38	286	32	303	3.43e-18	77.8
422.320	119.351	24.286	280	161	11	51	290	66	334	4.97e-12	59.7
269.319	269.319	100.000	319	0	0	1	319	1	319	0.0	522
