537.519	537.519	100.000	519	0	0	1	519	1	519	0.0	1075
151.514	151.514	100.000	514	0	0	1	514	1	514	0.0	1066
509.509	509.509	100.000	509	0	0	1	509	1	509	0.0	1006
509.509	518.392	28.784	403	242	12	10	405	8	372	1.13e-42	150
509.509	412.430	32.703	370	215	13	43	404	71	414	1.87e-42	150
509.509	36.373	32.153	367	194	14	42	392	23	350	3.49e-40	143
509.509	55.438	30.518	367	222	14	43	404	79	417	1.36e-38	140
509.509	517.408	28.198	383	226	13	21	390	35	381	3.58e-30	115
509.509	196.383	27.586	377	239	11	25	397	7	353	6.11e-29	112
184.500	184.500	100.000	500	0	0	1	500	1	500	0.0	1039
184.500	273.477	25.275	273	174	10	214	480	215	463	9.43e-13	63.5
184.500	46.464	26.893	383	241	17	21	390	21	377	6.52e-12	60.8
559.500	559.500	100.000	500	0	0	1	500	1	500	0.0	989
596.490	596.490	100.000	490	0	0	1	490	1	490	0.0	994
596.490	585.585	27.935	247	153	8	50	291	25	251	2.64e-16	75.1
596.490	585.585	34.884	86	54	1	400	483	471	556	2.26e-10	56.2
456.488	456.488	100.000	488	0	0	1	488	1	488	0.0	925
452.482	452.482	100.000	482	0	0	1	482	1	482	0.0	937
232.481	232.481	100.000	481	0	0	1	481	1	481	0.0	968
273.477	273.477	100.000	477	0	0	1	477	1	477	0.0	997
273.477	46.464	31.878	458	280	12	18	463	22	459	1.84e-65	212
273.477	184.500	25.275	273	174	10	215	463	214	480	9.00e-13	63.5
587.473	587.473	100.000	473	0	0	1	473	1	473	0.0	872
550.470	550.470	100.000	450	0	0	1	450	1	450	0.0	806
550.470	439.542	29.310	116	72	2	2	116	21	127	2.38e-07	46.6
562.465	562.465	100.000	465	0	0	1	465	1	465	0.0	947
562.465	567.461	24.150	294	174	9	16	291	32	294	5.03e-09	51.6
46.464	46.464	100.000	464	0	0	1	464	1	464	0.0	942
46.464	273.477	31.878	458	280	12	22	459	18	463	2.70e-58	193
46.464	184.500	26.632	383	242	17	21	377	21	390	1.17e-08	50.4
54.463	54.463	100.000	453	0	0	11	463	11	463	0.0	894
54.463	470.553	30.415	434	256	12	21	440	11	412	1.39e-50	174
567.461	567.461	100.000	461	0	0	1	461	1	461	0.0	894
567.461	562.465	24.150	294	174	9	32	294	16	291	5.21e-09	51.6
226.458	226.458	100.000	458	0	0	1	458	1	458	0.0	952
82.455	82.455	100.000	455	0	0	1	455	1	455	0.0	951
62.454	62.454	100.000	454	0	0	1	454	1	454	0.0	892
121.454	121.454	100.000	454	0	0	1	454	1	454	0.0	931
121.454	566.418	24.561	456	294	14	7	451	2	418	9.31e-31	117
121.454	526.369	28.986	207	121	9	262	449	168	367	7.80e-18	78.6
165.451	165.451	100.000	451	0	0	1	451	1	451	0.0	902
512.445	512.445	100.000	445	0	0	1	445	1	445	0.0	902
278.443	278.443	100.000	443	0	0	1	443	1	443	0.0	816
42.440	42.440	100.000	440	0	0	1	440	1	440	0.0	906
55.438	55.438	100.000	438	0	0	1	438	1	438	0.0	883
55.438	412.430	40.204	393	218	7	47	428	39	425	3.61e-89	272
55.438	518.392	35.277	343	214	2	75	417	37	371	2.67e-58	190
55.438	36.373	33.067	375	232	11	60	425	3	367	3.05e-57	187
55.438	196.383	28.800	375	242	8	70	430	16	379	6.28e-47	160
55.438	509.509	29.781	366	226	13	79	417	43	404	4.07e-36	133
55.438	517.408	29.787	376	228	12	75	435	53	407	1.07e-35	130
29.437	29.437	100.000	437	0	0	1	437	1	437	0.0	911
34.436	34.436	100.000	436	0	0	1	436	1	436	0.0	874
67.433	67.433	100.000	433	0	0	1	433	1	433	0.0	812
511.431	511.431	100.000	431	0	0	1	431	1	431	0.0	777
412.430	412.430	100.000	430	0	0	1	430	1	430	0.0	889
412.430	55.438	40.204	393	218	7	39	425	47	428	4.96e-92	279
412.430	518.392	32.353	374	230	7	48	416	18	373	1.20e-65	209
412.430	196.383	30.914	372	237	6	62	428	16	372	1.51e-56	185
412.430	36.373	35.897	351	199	13	72	411	25	360	2.18e-55	182
412.430	517.408	29.620	395	241	13	35	411	18	393	8.05e-48	163
412.430	509.509	32.703	370	215	13	71	414	43	404	1.51e-42	150
580.427	580.427	100.000	427	0	0	1	427	1	427	0.0	825
580.427	573.300	25.581	258	143	10	9	255	6	225	5.41e-13	62.8
580.427	539.339	23.735	257	161	10	3	249	2	233	1.31e-08	49.7
223.425	223.425	100.000	425	0	0	1	425	1	425	0.0	850
223.425	275.367	39.773	264	148	2	25	288	1	253	2.54e-54	179
551.421	551.421	100.000	421	0	0	1	421	1	421	0.0	841
598.421	598.421	100.000	421	0	0	1	421	1	421	0.0	767
566.418	566.418	100.000	418	0	0	1	418	1	418	0.0	865
566.418	121.454	24.561	456	294	14	2	418	7	451	8.57e-31	117
566.418	526.369	32.787	183	102	7	249	416	191	367	9.55e-21	87.0
565.416	565.416	100.000	416	0	0	1	416	1	416	0.0	839
276.410	276.410	100.000	410	0	0	1	410	1	410	0.0	806
517.408	517.408	100.000	408	0	0	1	408	1	408	0.0	848
517.408	518.392	37.270	381	216	8	34	407	18	382	2.56e-86	262
517.408	196.383	31.481	378	242	6	34	404	2	369	1.79e-59	192
517.408	412.430	29.620	395	241	13	18	393	35	411	7.64e-48	163
517.408	55.438	29.787	376	228	12	53	407	75	435	8.96e-38	135
517.408	36.373	30.878	353	209	12	73	407	38	373	9.36e-36	129
517.408	509.509	28.198	383	226	13	35	381	21	390	3.10e-30	115
420.405	420.405	100.000	405	0	0	1	405	1	405	0.0	816
471.405	471.405	100.000	405	0	0	1	405	1	405	0.0	714
129.404	129.404	100.000	404	0	0	1	404	1	404	0.0	840
536.404	536.404	100.000	404	0	0	1	404	1	404	0.0	692
536.404	424.293	39.706	272	159	4	26	294	24	293	8.73e-56	180
536.404	425.277	42.786	201	105	4	101	293	76	274	1.28e-43	147
92.402	92.402	100.000	402	0	0	1	402	1	402	0.0	838
92.402	93.344	27.434	339	199	12	9	341	9	306	1.11e-32	120
92.402	507.353	25.513	341	205	11	15	344	12	314	2.59e-30	113
92.402	152.383	26.247	381	194	17	17	353	17	354	4.72e-22	90.5
92.402	152.383	26.866	268	153	9	99	353	2	239	2.33e-16	73.6
92.402	256.371	23.952	334	209	9	27	343	12	317	1.59e-17	77.0
92.402	528.328	25.076	327	201	12	22	343	1	288	1.19e-16	73.9
522.402	522.402	100.000	402	0	0	1	402	1	402	0.0	839
522.402	513.306	27.113	284	196	4	3	282	3	279	8.55e-33	119
200.401	200.401	100.000	401	0	0	1	401	1	401	0.0	784
414.399	414.399	100.000	399	0	0	1	399	1	399	0.0	793
518.392	518.392	100.000	392	0	0	1	392	1	392	0.0	783
518.392	517.408	37.270	381	216	8	18	382	34	407	1.97e-82	252
518.392	196.383	36.559	372	228	6	19	383	3	373	2.00e-77	238
518.392	55.438	35.277	343	214	2	37	371	75	417	1.92e-61	198
518.392	412.430	32.353	374	230	7	18	373	48	416	6.22e-61	197
518.392	36.373	33.731	335	200	9	54	373	37	364	9.60e-55	179
518.392	509.509	29.661	354	206	11	55	372	59	405	3.77e-39	140
263.391	263.391	100.000	391	0	0	1	391	1	391	0.0	804
263.391	260.368	39.386	391	202	14	6	390	6	367	7.63e-85	257
263.391	45.358	26.239	343	219	9	18	355	18	331	1.66e-28	108
147.390	147.390	100.000	390	0	0	1	390	1	390	0.0	799
147.390	243.278	34.894	235	137	8	153	385	1	221	4.12e-34	122
147.390	243.278	30.337	267	164	8	116	374	11	263	1.26e-28	107
259.388	259.388	100.000	388	0	0	1	388	1	388	0.0	794
