547.319	547.319	100.000	319	0	0	1	319	1	319	0.0	658
88.318	88.318	100.000	318	0	0	1	318	1	318	0.0	623
308.318	308.318	100.000	318	0	0	1	318	1	318	0.0	652
591.314	591.314	100.000	314	0	0	1	314	1	314	0.0	638
572.313	572.313	100.000	313	0	0	1	313	1	313	0.0	651
460.312	460.312	100.000	312	0	0	1	312	1	312	0.0	621
469.312	469.312	100.000	312	0	0	1	312	1	312	0.0	622
469.312	274.311	30.000	180	102	7	59	231	66	228	2.13e-07	44.7
274.311	274.311	100.000	311	0	0	1	311	1	311	0.0	639
274.311	469.312	31.351	185	103	7	61	228	54	231	3.01e-12	59.3
549.308	549.308	100.000	308	0	0	1	308	1	308	0.0	568
179.307	179.307	100.000	307	0	0	1	307	1	307	0.0	625
553.307	553.307	100.000	307	0	0	1	307	1	307	0.0	631
513.306	513.306	100.000	306	0	0	1	306	1	306	0.0	622
582.304	582.304	100.000	304	0	0	1	304	1	304	0.0	595
582.304	570.305	34.389	221	143	1	4	224	3	221	3.56e-44	146
582.304	529.334	32.105	190	95	3	5	194	43	198	2.56e-23	91.3
83.303	83.303	100.000	292	0	0	1	292	1	292	0.0	613
479.302	479.302	100.000	302	0	0	1	302	1	302	0.0	596
7.300	7.300	100.000	300	0	0	1	300	1	300	0.0	626
446.300	446.300	100.000	300	0	0	1	300	1	300	0.0	618
446.300	455.274	29.046	241	148	5	14	251	21	241	1.28e-26	99.4
557.300	557.300	100.000	300	0	0	1	300	1	300	0.0	620
373.299	373.299	100.000	299	0	0	1	299	1	299	0.0	588
100.297	100.297	100.000	297	0	0	1	297	1	297	0.0	606
272.297	272.297	100.000	297	0	0	1	297	1	297	0.0	552
313.296	313.296	100.000	296	0	0	1	296	1	296	0.0	533
313.296	394.186	31.466	232	102	5	10	231	1	185	7.22e-28	100
449.295	449.295	100.000	295	0	0	1	295	1	295	0.0	610
59.294	59.294	100.000	294	0	0	1	294	1	294	0.0	606
73.292	73.292	100.000	292	0	0	1	292	1	292	0.0	603
73.292	514.246	27.599	279	160	9	1	279	9	245	1.61e-14	65.1
503.291	503.291	100.000	291	0	0	1	291	1	291	0.0	603
595.289	595.289	100.000	289	0	0	1	289	1	289	0.0	560
136.288	136.288	100.000	288	0	0	1	288	1	288	0.0	589
122.287	122.287	100.000	287	0	0	1	287	1	287	0.0	563
468.282	468.282	100.000	282	0	0	1	282	1	282	0.0	534
371.280	371.280	100.000	280	0	0	1	280	1	280	0.0	553
419.280	419.280	100.000	280	0	0	1	280	1	280	0.0	573
243.278	243.278	100.000	278	0	0	1	278	1	278	0.0	569
444.278	444.278	100.000	278	0	0	1	278	1	278	2.72e-176	481
187.276	187.276	100.000	276	0	0	1	276	1	276	0.0	539
9.275	9.275	100.000	275	0	0	1	275	1	275	0.0	496
9.275	310.252	35.366	164	94	4	78	229	44	207	1.11e-15	68.2
455.274	455.274	100.000	274	0	0	1	274	1	274	0.0	551
455.274	446.300	29.046	241	148	5	21	241	14	251	1.17e-26	99.4
455.274	498.248	23.108	251	147	7	28	266	10	226	9.99e-16	68.2
87.273	87.273	100.000	273	0	0	1	273	1	273	0.0	564
116.273	116.273	100.000	273	0	0	1	273	1	273	0.0	564
368.267	368.267	100.000	242	0	0	26	267	26	267	4.67e-166	454
287.260	287.260	100.000	260	0	0	1	260	1	260	0.0	494
521.258	521.258	100.000	258	0	0	1	258	1	258	0.0	540
521.258	138.231	38.889	252	130	7	1	252	1	228	7.43e-56	173
415.256	415.256	100.000	256	0	0	1	256	1	256	0.0	535
69.254	69.254	100.000	254	0	0	1	254	1	254	0.0	508
310.252	310.252	100.000	252	0	0	1	252	1	252	2.62e-174	474
310.252	9.275	37.427	171	95	4	44	214	78	236	4.13e-21	83.2
417.251	417.251	100.000	251	0	0	1	251	1	251	0.0	513
453.251	453.251	100.000	251	0	0	1	251	1	251	0.0	511
453.251	472.251	27.119	236	153	8	9	237	7	230	6.72e-15	65.5
453.251	61.236	23.810	231	156	6	19	242	4	221	2.09e-14	63.9
472.251	472.251	100.000	251	0	0	1	251	1	251	2.62e-173	471
472.251	453.251	25.532	235	158	6	7	230	9	237	4.14e-14	63.2
472.251	61.236	24.066	241	159	8	17	242	4	235	8.20e-11	53.5
65.250	65.250	100.000	250	0	0	1	250	1	250	0.0	508
65.250	64.244	39.918	243	136	5	8	246	6	242	4.83e-55	171
65.250	63.225	29.832	238	134	9	6	241	12	218	2.84e-25	93.2
123.250	123.250	100.000	250	0	0	1	250	1	250	0.0	514
