78.174	78.174	100.000	174	0	0	1	174	1	174	5.48e-134	365
78.174	57.164	43.537	147	75	4	18	160	13	155	9.01e-33	108
78.174	283.188	26.875	160	110	2	18	174	26	181	3.78e-18	70.9
388.174	388.174	100.000	174	0	0	1	174	1	174	1.57e-128	351
388.174	315.191	31.250	176	113	4	4	171	9	184	5.94e-32	106
388.174	105.176	26.351	148	103	4	7	153	10	152	7.95e-09	45.4
322.172	322.172	100.000	172	0	0	1	172	1	172	1.51e-130	356
359.171	359.171	100.000	171	0	0	1	171	1	171	1.66e-108	300
506.170	506.170	100.000	170	0	0	1	170	1	170	1.93e-129	353
316.169	316.169	100.000	169	0	0	1	169	1	169	9.53e-128	348
316.169	387.166	39.024	164	97	2	4	166	5	166	2.99e-40	127
316.169	10.181	29.630	135	85	3	1	125	25	159	3.32e-13	57.4
362.169	362.169	100.000	169	0	0	1	169	1	169	1.84e-126	345
362.169	462.175	28.571	154	106	2	3	154	2	153	3.78e-21	78.2
362.169	462.175	30.137	73	49	1	4	76	91	161	8.24e-09	45.1
362.169	372.176	25.146	171	120	5	5	168	7	176	4.70e-15	62.0
362.169	154.184	26.950	141	96	4	4	138	11	150	3.11e-12	54.7
362.169	500.94	34.286	70	46	0	10	79	10	79	1.92e-11	50.8
362.169	26.203	30.588	85	59	0	1	85	119	203	3.31e-10	49.3
362.169	26.203	24.022	179	99	7	5	153	14	185	4.46e-10	48.9
362.169	125.160	30.631	111	65	4	45	151	39	141	1.09e-09	47.4
362.169	120.84	31.884	69	47	0	10	78	12	80	2.57e-09	44.7
362.169	120.84	31.148	61	42	0	91	151	7	67	4.06e-08	41.6
362.169	52.87	33.333	66	44	0	89	154	6	71	2.81e-08	42.0
362.169	52.87	35.385	65	42	0	3	67	6	70	1.43e-07	40.0
454.168	454.168	100.000	168	0	0	1	168	1	168	1.15e-126	345
454.168	485.162	32.353	170	96	7	4	165	2	160	1.33e-24	86.7
0.166	0.166	100.000	166	0	0	1	166	1	166	1.54e-125	342
387.166	387.166	100.000	166	0	0	1	166	1	166	5.75e-124	338
387.166	316.169	39.024	164	97	2	5	166	4	166	2.94e-40	127
387.166	10.181	39.844	128	66	4	8	124	31	158	2.16e-24	86.7
57.164	57.164	100.000	164	0	0	1	164	1	164	8.07e-125	340
57.164	78.174	43.537	147	75	4	13	155	18	160	8.50e-33	108
57.164	283.188	31.034	145	91	2	4	145	17	155	4.66e-18	70.1
57.164	146.177	25.362	138	92	4	12	149	39	165	2.93e-08	43.5
174.163	174.163	100.000	163	0	0	1	163	1	163	3.18e-125	342
374.162	374.162	100.000	162	0	0	1	162	1	162	1.69e-124	340
485.162	485.162	100.000	162	0	0	1	162	1	162	1.01e-122	335
485.162	454.168	32.353	170	96	7	2	160	4	165	1.28e-24	86.7
125.160	125.160	100.000	160	0	0	1	160	1	160	2.70e-121	331
125.160	362.169	30.631	111	65	4	39	141	45	151	1.03e-09	47.4
140.159	140.159	100.000	159	0	0	1	159	1	159	2.92e-120	328
309.159	309.159	100.000	159	0	0	1	159	1	159	2.49e-93	261
323.159	323.159	100.000	159	0	0	1	159	1	159	5.73e-106	293
66.158	66.158	100.000	158	0	0	1	158	1	158	2.14e-117	321
206.158	206.158	100.000	158	0	0	1	158	1	158	1.09e-100	279
206.158	246.144	37.037	135	84	1	4	138	7	140	7.99e-19	70.9
441.158	441.158	100.000	158	0	0	1	158	1	158	1.06e-118	325
32.157	32.157	100.000	157	0	0	1	157	1	157	1.87e-118	324
351.157	351.157	100.000	157	0	0	1	157	1	157	5.07e-115	315
17.155	17.155	100.000	155	0	0	1	155	1	155	2.76e-99	275
17.155	288.206	32.292	96	62	1	32	124	85	180	2.71e-07	40.8
208.155	208.155	100.000	155	0	0	1	155	1	155	1.43e-112	309
293.155	293.155	100.000	135	0	0	1	135	1	135	8.17e-101	279
293.155	435.104	40.000	70	37	3	68	135	3	69	1.42e-09	45.8
403.154	403.154	100.000	154	0	0	1	154	1	154	1.29e-114	314
581.154	581.154	100.000	154	0	0	1	154	1	154	3.95e-115	315
532.153	532.153	100.000	153	0	0	1	153	1	153	1.23e-117	322
546.153	546.153	100.000	153	0	0	1	153	1	153	2.94e-111	305
546.153	590.87	34.524	84	55	0	5	88	4	87	4.21e-14	57.0
546.153	590.87	40.580	69	35	2	86	148	5	73	1.89e-08	42.4
236.152	236.152	100.000	152	0	0	1	152	1	152	1.16e-111	306
236.152	440.191	37.736	159	84	6	6	152	7	162	1.81e-28	97.1
271.152	271.152	100.000	152	0	0	1	152	1	152	9.91e-112	306
555.152	555.152	100.000	152	0	0	1	152	1	152	2.21e-105	290
159.150	159.150	100.000	150	0	0	1	150	1	150	1.04e-105	291
255.150	255.150	100.000	150	0	0	1	150	1	150	1.06e-112	309
295.150	295.150	100.000	150	0	0	1	150	1	150	7.17e-111	304
398.150	398.150	100.000	150	0	0	1	150	1	150	5.98e-113	309
398.150	319.183	29.932	147	101	1	5	149	5	151	1.14e-21	79.3
530.150	530.150	100.000	150	0	0	1	150	1	150	2.65e-109	300
213.149	213.149	100.000	149	0	0	1	149	1	149	1.73e-83	235
392.149	392.149	100.000	149	0	0	1	149	1	149	3.65e-79	224
583.149	583.149	100.000	149	0	0	1	149	1	149	1.93e-114	313
22.148	22.148	100.000	148	0	0	1	148	1	148	4.13e-113	310
95.148	95.148	100.000	148	0	0	1	148	1	148	2.39e-112	308
329.148	329.148	100.000	148	0	0	1	148	1	148	1.02e-109	301
411.148	411.148	100.000	148	0	0	1	148	1	148	1.16e-107	296
411.148	218.130	32.283	127	80	4	10	134	8	130	6.47e-14	57.4
594.147	594.147	100.000	147	0	0	1	147	1	147	9.51e-109	298
297.145	297.145	100.000	145	0	0	1	145	1	145	9.54e-109	298
297.145	377.125	28.462	130	71	3	15	144	2	109	4.26e-10	47.4
501.145	501.145	100.000	145	0	0	1	145	1	145	2.90e-95	264
183.144	183.144	100.000	144	0	0	1	144	1	144	1.57e-106	293
246.144	246.144	100.000	144	0	0	1	144	1	144	6.86e-105	288
246.144	206.158	37.037	135	84	1	7	140	4	138	5.68e-27	92.0
